Number of matrix = 10
n = 5
 3.2  8.3 -2.9  7.2  0.3
-5.1  7.5 -5.3  2.1  5.0
-3.1 -1.1 -5.6  0.9 -2.3
-3.6 -8.8 -6.8 -9.1 -5.3
-8.2 -4.2 -3.1 -2.2  3.5
n = 6
-5.8 -9.4 -6.7 -0.2  4.9 -3.9
-9.9 -2.2 -2.8  3.5 -7.8 -0.8
-0.7 -9.6  6.3  8.9  1.2 -8.4
-2.2 -2.5  4.6  1.5  6.4 -2.2
 8.5 -6.8  7.9  8.3 -0.7 -3.7
 4.2 -9.8 -8.6  7.6 -1.8 -9.8
n = 4
-7.4  2.2  9.0  9.5
 2.2  9.2  6.9  9.2
 9.0  6.9 -3.4 -2.3
 9.5  9.2 -2.3  5.8
n = 3
 7.8 -6.2 -9.8
-1.8  7.5  2.4
-9.8 -1.8  0.6
n = 2
 2.5 -2.2
-2.2  0.4
n = 3
-7.0 -7.5  5.7
-7.5  9.3  9.1
 5.7  9.1 -4.2
n = 4
 1.4  5.4  4.2  6.3
 3.0  0.3  2.3 -8.9
 4.8 -4.0  3.4 -7.1
-9.4 -8.5  4.7  0.8
n = 2
 0.4 -1.2
-0.6  6.0
n = 5
-9.7  5.9 -6.3  8.5 -2.5
 5.9  6.4  7.6 -3.2  0.8
-6.3  7.6 -8.2 -7.5  7.3
 8.5 -3.2 -7.5  4.5  3.9
-2.5  0.8  7.3  3.9  3.8
n = 4
 5.0 10.0  3.9 -7.9
-4.8  0.3 -3.7  5.9
-6.2  7.9  6.4  5.5
 9.3  2.4  5.2  1.7